3;
>0;
V
30.2,0,29,0,0,
45.3,0,18.2,5.56943,0,
30.2,2,29,0,1,
45.3,2,18.2,5.56943,1,
45.3,0,18.2,0,0,
62,0,23.6,5.26541,0,
45.3,2,18.2,0,1,
62,2,23.6,5.26541,1,
62,0,23.6,0,0,
63,0,42.1,5.5581,0,
62,2,23.6,0,1,
63,2,42.1,5.5581,1,
63,0,42.1,0,0,
30.2,0,29,10.5958,0,
63,2,42.1,0,1,
30.2,2,29,10.5958,1,
24.3,0,14.3,0,0,
15.8,0,31.8,5.83652,0,
24.3,2,14.3,0,1,
15.8,2,31.8,5.83652,1,
15.8,0,31.8,0,0,
31,0,49.7,7.04489,0,
15.8,2,31.8,0,1,
31,2,49.7,7.04489,1,
31,0,49.7,0,0,
12.1,0,50.8,5.67959,0,
31,2,49.7,0,1,
12.1,2,50.8,5.67959,1;
I
0,1,3,
0,2,3,
4,5,7,
4,6,7,
8,9,11,
8,10,11,
12,13,15,
12,14,15,
16,17,19,
16,18,19,
20,21,23,
20,22,23,
24,25,27,
24,26,27;
>1;
V
12.1,0,50.8,0,0,
1.5,0,38.3,4.9168,0,
12.1,2,50.8,0,1,
1.5,2,38.3,4.9168,1,
1.5,0,38.3,0,0,
3.7,0,14.9,7.05096,0,
1.5,2,38.3,0,1,
3.7,2,14.9,7.05096,1,
3.7,0,14.9,0,0,
24.3,0,14.3,6.18262,0,
3.7,2,14.9,0,1,
24.3,2,14.3,6.18262,1;
I
0,1,3,
0,2,3,
4,5,7,
4,6,7,
8,9,11,
8,10,11;
>2;
V
32.9,0,7.4,0,0,
25.1,0,20.3,4.52244,0,
32.9,2,7.4,0,1,
25.1,2,20.3,4.52244,1,
25.1,0,20.3,0,0,
29.6,0,20.9,1.36195,0,
25.1,2,20.3,0,1,
29.6,2,20.9,1.36195,1,
29.6,0,20.9,0,0,
44.4,0,14.3,4.86148,0,
29.6,2,20.9,0,1,
44.4,2,14.3,4.86148,1,
44.4,0,14.3,0,0,
53.8,0,7.5,3.48052,0,
44.4,2,14.3,0,1,
53.8,2,7.5,3.48052,1,
53.8,0,7.5,0,0,
34.3,0,2.4,6.04677,0,
53.8,2,7.5,0,1,
34.3,2,2.4,6.04677,1,
34.3,0,2.4,0,0,
32.9,0,7.4,1.55769,0,
34.3,2,2.4,0,1,
32.9,2,7.4,1.55769,1;
I
0,1,3,
0,2,3,
4,5,7,
4,6,7,
8,9,11,
8,10,11,
12,13,15,
12,14,15,
16,17,19,
16,18,19,
20,21,23,
20,22,23;
